36.7
45.7
29.0
42.9
57.2
41.1
47.8
68.4
49.4
50.5
60.9
47.1
35.7
-49.8
15.0
45.6
-70.0
23.3
50.9
-58.5
30.7
60.1
-41.8
23.9
16.2
8.23
5.87
25.0
13.1
14.7
40.5
18.6
31.2
64.2
13.6
57.0
86.3
-4.41
83.7
88.7
-7.75
85.7
91.3
-7.50
54.2
92.0
-5.32
17.3
24.8
28.9
-22.0
34.6
46.7
-19.3
43.8
53.1
-13.1
64.7
31.9
-13.6
46.7
60.7
20.2
59.5
43.1
13.7
72.4
23.7
6.71
86.6
7.67
1.27
19.5
13.5
-38.6
25.6
4.05
-44.0
38.6
-11.3
-45.2
53.1
-14.8
-42.2
54.7
52.0
53.9
59.4
42.3
58.8
71.8
19.0
67.8
82.4
3.68
73.6
18.4
-0.65
0.32
22.9
-8.44
-5.08
43.8
-10.6
-11.1
64.1
-6.01
-12.6
82.8
-1.58
-10.2
94.9
1.98
-9.21